2.6298787809975464
1.8766682919011801
2.0016334184956266
2.00908247250803
2.0926949497287066
2.1335886034517793
2.2856041440181887
2.3327458100708194
2.5396988378290235
2.5175919318852467
2.545880968873406
2.696499337645543
2.831206519483472
2.82028380277295
2.8989409969787814
2.9841637110962083
3.1395002556494433
3.0817844748857506
3.1748352859871507
3.2816243646526773
3.353547442036947
2.2173134381094193
1.4694894379383734
1.4901687010898437
1.5864496916801438
1.6662387623843629
1.7578311880227084
1.8602005674104083
1.951445912523596
2.0742524484089757
2.0714327260369187
2.197987698589619
2.278564021072925
2.3550193846965466
2.400800434526072
2.4970362554794923
2.565248111999111
2.6993085217328168
2.744710464904104
2.829527652002483
2.904468080889496
2.946088700800397
2.199234879448066
1.4589614943663665
1.5030033014558755
1.6091139294794887
1.6764128441905393
1.8062262954452333
1.8452299385700806
1.937644914693544
1.9722286757398184
2.0549395740331486
2.168946810541822
2.2160824522758493
2.3278312820804565
2.3602107455279757
2.520196096034907
2.594039484939129
2.65374132572652
2.6995679524313987
2.784511864671746
2.870782193367717
2.9250264133897024
2.2548616273800013
1.6139725925017732
1.5683281173810584
1.73797667874908
1.8486481275320477
1.841056103768203
1.8418575636786954
2.0101645935455896
2.0658064669495477
2.1406655585668135
2.154418696525232
2.2408231522573057
2.323867693406211
2.433293308748795
2.5460763266309816
2.655635530906823
2.663748633522431
2.738986666565458
2.809444946674177
2.9151005702750736
2.9473612194147205
2.1632061325416148
1.4546954621796422
1.4602086841419541
1.5190949810323597
1.6799014195440882
1.6808988235869575
1.7977248102415324
1.8699867156734362
2.038269639961928
2.0101584775868577
2.1290010443948386
2.1675210639115456
2.2861735845708173
2.3873193237193737
2.4843743418802355
2.5417762078242165
2.6104596312526884
2.6720145638524344
2.7609507069509753
2.842022757289785
2.8715704112366427
